Position	Average partition function change
1	0.0020755979982
2	0.000707046487823
3	0.00128889302141
4	0.00316922408202
5	0.00472154878756
6	0.00257233057912
7	0.00217237046921
8	0.000330609378358
9	0.000932731896446
10	0.000357573565959
11	0.000882341971758
12	0.000860076411057
13	0.000527904607444
14	0.000415227622816
15	0.000222138403459
16	0.000138125154623
17	0.000332222889692
18	0.00117953113657
19	0.000197969348979
20	7.92010994535e-05
21	1.72236555827e-05
22	0.000165442863063
23	0.000999523587305
24	0.00103083094006
25	0.00112424122264
26	0.000729794806436
27	0.000294175056265
28	0.000290271572445
29	0.000158644023061
30	6.29467996409e-05
31	8.30636803384e-05
32	0.000175622245909
33	4.212393801e-05
34	0.000156795936126
35	6.81383263175e-05
36	6.23955901893e-05
37	5.81474815276e-05
38	5.36071778298e-05
39	0.000144306086915
40	0.000118052586175
41	5.2190426181e-05
42	6.15131704428e-05
43	4.97869374237e-05
44	6.83007813451e-05
45	4.11060694461e-05
46	3.07819053086e-05
47	0.000543354673845
48	0.00102802402486
49	0.00113581673497
50	0.000596169144872
51	7.96603273799e-05
52	0.000136546257369
53	0.00142323020102
54	0.00119771383268
55	0.000141586081206
56	0.000204931798921
57	0.000195687784367
58	0.000492894200957
59	0.00054451052132
60	4.31576941602e-05
61	0.00602874332595
62	0.00384537642696
63	0.0052854028206
64	0.00619321710119
65	0.00750115905584
66	0.0108092332859
67	0.0116154390015
68	0.00551350281561
69	0.0071686094269
70	0.0142016880411
71	0.0130766567816
72	0.0142202474108
73	0.0128975480829
74	5.99123312692e-05
75	0.0141693668428
76	0.0143094177568
77	0.00178798615081
78	0.000498612699455
79	0.00178114924475
80	0.000345505668779
81	0.0110580617454
82	0.0103577055598
83	0.00952453293775
84	0.00725725105657
85	0.00842037781607
86	0.00858446845853
87	0.00811203130058
88	0.009997356073
89	0.00126024291209
90	0.00125046100431
91	0.000520504718725
92	0.00351772512487
93	0.00237363239082
94	0.00350694035812
95	0.00333444209279
96	0.00250086149828
97	0.00343446948482
98	0.0131362715835
99	0.0143261973703
100	0.0050324802507
101	0.00529697525192
102	0.00687765313637
103	0.00438030204425
104	6.82439949557e-05
105	0.013961592855
106	0.013623158796
107	0.000100776557115
108	0.000395552771872
109	0.00216256315707
110	0.00155222953641
111	0.00769683498509
112	0.00973553227572
113	0.00014958232656
114	4.39716549523e-05
115	0.000306799437238
116	0.00255505768835
117	0.0110411024546
118	0.00323066257986
119	0.000916421103052
120	0.00325714169954
121	0.00743703259444
122	0.00738317529561
123	0.00962593551932
124	0.00343817785544
125	0.00166274134383
126	0.0104525439121
127	0.0108819880077
128	0.00904008965095
129	0.00324427062356
130	0.00253319895918
131	0.00235606667067
132	0.00129510444439
133	0.00167970911112
134	0.00642044692194
135	0.00456296557236
136	0.000205684646552
137	0.00027532975956
138	0.00582297898847
139	0.00683970676268
140	0.00227918070588
141	0.00580023788669
142	0.00820053059699
143	0.00372367672191
144	0.00499432113567
145	0.00356223955434
146	0.00528026631612
147	0.00801298683321
148	0.00295386314705
149	0.000984568802497
150	0.0125947763321
151	0.0116440692768
152	0.0116262958022
153	0.00651705273739
154	0.00294613750217
155	0.00294160224799
156	0.00350349142318
157	0.0121369174107
158	0.00381008010737
159	0.000506958933119
160	0.000166299874133
161	8.41988245341e-05
162	3.87238375375e-05
163	4.97917915883e-05
164	0.000267339846773
165	0.00105331278587
166	0.00956249540798
167	0.0142188129855
168	0.0143302200273
169	0.00899472988867
170	0.00928955879885
171	0.00840188830568
172	0.00843424787469
173	0.0021110022058
174	0.00589828592071
175	0.000349714520564
176	0.000992265520761
177	0.00572108005983
178	0.000311715797603
179	0.0048223382684
180	0.00264953200543
181	0.00245158256009
182	0.00493678298419
183	0.000195805643368
184	0.00483422938264
185	0.00422477077283
186	0.00335089125417
187	0.00855692120917
188	0.0130693503376
189	0.0134018621226
190	0.00584798223964
191	0.00183318732644
192	0.00949408043807
193	0.00967600689473
194	0.00199445182431
195	0.00495083572823
196	0.00512748830047
197	0.0079648719431
198	0.00902229747937
199	0.0103402539294
200	0.00614004123611
201	0.00457327600956
202	0.00175354041488
203	0.00150864840048
204	0.00235320361488
205	0.00210476923833
206	0.00344306147034
207	0.00541168636166
208	0.00420241277179
209	0.00325813125887
210	0.0059816577009
211	0.000310117999899
212	0.000208949544597
213	6.82341143861e-05
214	0.000688882338539
215	0.00720635024035
216	0.00262000137978
217	0.00528542891732
218	0.00280148590816
219	0.00223170452695
220	0.00192795494598
221	0.00447623355846
222	0.0056363829168
223	0.00147919903089
224	0.000260981025112
225	0.00269527392557
226	0.00445192083818
227	0.0046090123066
228	0.00290925971764
229	0.00196012483039
230	0.00139321945185
231	0.00183196644239
232	0.00246592589199
233	0.00373173154359
234	0.000754573708923
235	0.00190637769232
236	0.00137026221294
237	0.00133667794962
238	0.00579752632207
239	0.00377935200838
240	0.0053232905071
241	0.00542324205648
242	0.000720404752172
243	0.000276940578154
244	0.000613274158254
245	0.00134082711993
246	0.00119067196829
247	0.000922278800222
248	0.000274344455822
249	0.00190959709657
250	0.000804743814608
251	0.000359805269394
252	0.000792789587428
253	0.00484013710373
254	0.00268584225359
255	0.00299598259803
256	0.000317327766662
257	0.00212776246564
258	0.00103212681631
259	0.00152765983873
260	0.00254453385827
261	0.00306723353737
262	0.00725930455936
263	0.00634375476331
264	0.00426404084393
265	0.00682143168527
266	0.00729136138974
267	0.00226145393134
268	0.000720944150633
269	0.00507481548239
270	0.00595905993001
271	0.00379836777738
272	0.00136944278901
273	0.00232841636357
274	0.00303862123981
275	0.00200430467607
276	0.0041739234095
277	0.00138931171669
278	0.00549337736273
279	0.00595869116547
280	0.00597452880297
281	0.000174161225657
282	0.00204127221501
283	0.0120578614265
284	0.0120673611716
285	0.012587830628
286	0.00391276010193
287	0.00268328903622
288	0.00511638374527
289	0.00764631519235
290	0.000887076386063
291	0.00137804126662
292	0.00789327368355
293	0.00952544577873
294	0.00798095262217
295	0.00834689544021
296	0.0105304411088
297	0.00601915312201
298	0.00539897473748
299	0.00791574031481
300	0.0015311884741
301	0.00496457820574
302	0.00521722774295
303	0.00681539814946
304	0.00310731733526
305	0.00452828532812
306	0.00503178045237
307	0.00461252143986
308	0.0133161345605
309	0.00497610999326
310	0.00495042022424
311	0.127308883434
312	0.13952416236
313	0.0958974418491
314	0.0626323689077
315	0.00267814477637
316	0.109492118013
317	0.112168432002
318	0.036427246042
319	0.00913581758103
320	0.00850822292778
321	0.0244813631981
322	0.127622114135
323	0.125147406803
324	0.00182212341414
325	0.0108905528152
326	0.0111526683599
327	0.0104462800104
328	0.011508608423
329	0.0088488888261
330	0.0180636691869
331	0.0304539525002
332	0.0523375954039
333	0.190226292064
334	0.24726773309
335	0.1843610354
336	0.146648555978
337	0.0801309731755
338	0.158858430445
339	0.183063721586
340	0.174272816431
341	0.0961451967448
342	0.0452379082233
343	0.0107189336722
344	0.0529909227356
345	0.0208561890226
346	0.0682664289311
347	0.0184398832282
348	0.00116502220869
349	0.000297045976701
350	0.00714017828753
351	0.137679191652
352	0.0402053657583
353	0.00168570477946
354	0.0336963505327
355	0.0326609734721
356	0.0331198616183
357	0.12052116399
358	0.0485157133763
359	0.130597079713
360	0.000890260890079
361	0.000187217204714
362	0.0109771874541
363	0.00696901063011
364	0.121842536612
365	0.0100408625934
366	0.074929613615
367	0.167210261004
368	0.0285903487828
369	0.0112180027373
370	0.0115010920019
371	0.00752136152861
372	0.0306464305674
373	0.0901484547827
374	0.0465916564312
375	0.0565667338184
376	0.029041747942
377	0.0771215786887
378	0.00861483075607
379	0.0494897058463
380	0.0894318342044
381	0.0969194107103
382	0.0106187445004
383	0.143144884271
384	0.161834277409
385	0.16756482075
386	0.129184774258
387	0.119879812255
388	0.129937727752
389	0.136471089523
390	0.113093568106
391	0.0956230057785
392	0.0196723911809
393	0.00446512175176
394	0.00318817231664
395	0.0305815679248
396	0.0851218691336
397	0.0206778644549
398	0.00511430437985
399	0.00276627952707
400	0.005426701307
401	0.0147982045672
402	0.0223697329364
403	0.00492568526456
404	0.00370198672969
405	0.0153597896562
406	0.0234939104555
407	0.00281061845716
408	0.00365273071543
409	0.00611409448283
410	0.0185122744473
411	0.0323338123789
412	0.0066425887687
413	0.101794239478
414	0.116103221142
415	0.00216739237022
416	0.00331362319111
417	0.000994817480042
418	0.00172621852838
419	0.158616482286
420	0.161745646108
421	0.00161729225119
422	0.166966769551
423	0.141147617178
424	0.0028745161087
425	0.000690149182044
426	0.000172220867856
427	0.0313621773715
428	0.00480568193358
429	0.0701011178808
430	0.0359385795867
431	0.132070994641
432	0.0106802000545
433	0.00179395311511
434	0.0176301565527
435	0.00338541827558
436	0.00390056977074
437	0.0605523731248
438	0.0708056057799
439	0.0414530410733
440	0.0617927799457
441	0.0199472789335
442	0.0327188234971
443	0.0292374739753
444	0.0618078400248
445	0.0120075351888
446	0.0182922292276
447	0.0691813378658
448	0.0750473245585
449	0.131968713069
450	0.13338027009
451	0.0819140532927
452	0.0564104763186
453	0.062984801705
454	0.0504308285805
455	0.0215898046311
456	0.00108650008582
457	0.0824750365534
458	0.0658655970691
459	0.0625358544313
460	0.0743629901287
461	0.0932207868774
462	0.0784887650179
463	0.0531911540242
464	0.0878654288009
465	0.115294935759
466	0.0963371541713
467	0.0635183867113
468	0.0278248347058
469	0.000247019203167
470	0.0301780107997
471	0.0652658459878
472	0.0815190201559
473	0.115746152289
474	0.136112016693
475	0.086860323922
476	0.0766155810047
477	0.0666938220721
478	0.0504688098197
479	0.0435837976554
480	0.0337118142344
481	0.078364878549
482	0.136253269903
483	0.0632672335689
484	0.0746758494665
485	0.0361746302157
486	0.0378540299325
487	0.055251813999
488	0.149404709066
489	0.0985419304942
490	0.0063064965701
491	0.0526906566995
492	0.0401037893258
493	0.0370173205724
494	0.133712872376
495	0.0425294761213
496	0.0651535734712
497	0.00249496078236
498	0.0113482574738
499	0.08808117027
500	0.0678028356346
501	0.0807852984658
502	0.0751275051153
503	0.0173452646476
504	0.0202246535074
505	0.0263663709556
506	0.0213568342415
507	0.00526195084722
508	0.0430971090598
509	0.0371962403186
510	0.0762967124866
511	0.0142170250586
512	0.0260275950424
513	0.0287204834957
514	0.0631166752521
515	0.121646768655
516	0.0204352167821
517	0.0160836724079
518	0.00733526392272
519	0.0173909620158
520	0.122186075482
521	0.102192059542
522	0.0225774833877
523	0.0224004119237
524	0.0894488669705
525	0.0150576938485
526	0.0163192975778
527	0.0141304105145
528	0.0187047364059
529	0.154525358004
530	0.109970672501
531	0.000249462659095
532	0.155993932005
533	0.156755849068
534	0.00449101120771
535	0.0145668640478
536	0.158622142336
537	0.156692528684
538	0.143123493082
539	0.0116054620402
540	0.153947002991
541	0.0084899308873
542	0.000161190347148
543	0.000482708316755
544	0.05534575662
545	0.00165906782319
546	0.128346582253
547	0.130111646199
548	0.061761302219
549	0.0181554348536
550	0.0378212675433
551	0.101770004742
552	0.0361777201673
553	0.0389981595175
554	0.038751584516
555	0.0374487322254
556	0.00649474643147
557	0.0116735644844
558	0.00812853960553
559	0.0296964608031
560	0.0389090897689
561	0.0513175834402
562	0.0816898147989
563	0.0359081376707
564	0.0297346423059
565	0.0623505283204
566	0.144901044705
567	0.134193643165
568	0.0589807564759
569	0.0471822701579
570	0.0496075274393
571	0.0494817680564
572	0.0603850582592
573	0.0845543059833
574	0.0648032882617
575	0.0394201445609
576	0.055270931104
577	0.00828674709301
578	0.00650306248368
579	0.00648670893446
580	0.00587987072884
581	0.00186776424551
582	0.049744102363
583	0.0655586873177
584	0.0290062304461
585	0.0173899532347
586	0.0269668059587
587	0.0772326706424
588	0.00706719274479
589	0.0361360497711
590	0.0366572317448
591	0.105442987912
592	0.0868706969783
593	0.0971156945688
594	0.042102931017
595	0.0367761643977
596	0.00623724945099
597	0.01706509045
598	0.061987907059
599	0.0806786228131
600	0.0964132364018
601	0.107872295991
602	0.120204162026
603	0.0877178560418
604	0.00519735820691
605	0.0302375400866
606	0.0359589667377
607	0.0992983604077
608	0.0837656987104
609	0.0915364045075
610	0.0176633229424
611	0.117151000265
612	0.128116861498
613	0.125870870668
614	0.127451379733
615	0.11353055938
616	0.0260796125169
617	0.0063429438534
618	0.00488649591594
619	0.0156252420639
620	0.0446815767778
621	0.0264488535886
622	0.0905878227271
623	0.0520986204606
624	0.0301583317327
625	0.160083567825
626	0.126049049654
627	0.147939524186
628	0.151268732469
629	0.140681834674
630	0.143123382189
631	0.141727845486
632	0.134935911139
633	0.0269362611622
634	0.0348126446003
635	0.0179474450186
636	0.0602231801593
637	0.0942313599503
638	0.0194920466325
639	0.0821139348848
640	0.0726759882641
641	0.071122210313
642	0.0652122795954
643	0.0714184644261
644	0.0225329576844
645	0.0532237895374
646	0.149875674617
647	0.0521494725779
648	0.0526692291107
649	0.0815325396244
650	0.141747060866
651	0.128507009383
652	0.1071901871
653	0.0245967541204
654	0.0451927922835
655	0.0328464929934
656	0.0105083011322
657	0.00908374841249
658	0.00505639941743
659	0.0673506669741
660	0.0368743009456
661	0.0258785207764
662	0.0747610990634
663	0.0202397638596
664	0.000125760139194
665	0.000284667506594
666	0.00498724314914
667	0.00564773052744
668	0.0231568795713
669	0.0215206109175
670	0.0154682257332
671	0.00902153331292
672	0.00779149062293
673	0.00304685017925
674	0.00343679447568
675	0.00749070099856
676	0.00714750917636
677	0.0282878752663
678	0.02468158953
679	0.0261426532681
680	0.00771533829469
681	0.00681865644285
682	0.012942157263
683	0.0131597707854
684	0.000786776058109
685	0.00591659866413
686	0.00949151181508
687	0.00971003548218
688	0.0189188267947
689	0.0161727443502
690	0.00258254850569
691	0.00183364781192
692	0.00235120626528
693	0.0211118172483
694	0.0519295719994
695	0.0702505593494
696	0.0110053746651
697	0.00909779487036
698	0.0649302339692
699	0.0148165449064
700	0.0125548640604
701	0.118150311862
702	0.127712587943
703	0.0334511279504
704	0.0435640088901
705	0.0599183937532
706	0.0767519010057
707	0.0436973123324
708	0.108824898959
709	0.159048860429
710	0.141813810892
711	0.0232077463685
712	0.00664325389935
713	0.0063697457149
714	0.00207691221116
715	0.0247133059698
716	0.0175724631063
717	0.0136155990951
718	0.0113780841957
719	0.00408766974813
720	0.0445011648156
721	0.00131396457004
722	0.0269342847964
723	0.0232245243027
724	0.00684720763566
725	0.0336978949601
726	0.0381095873702
727	0.0280449040607
728	0.0246392911747
729	0.0367969582724
730	0.00800756927779
731	0.0141670268789
732	0.00531370302649
733	0.00161848803224
734	0.00409000300714
735	0.0197356344477
736	0.0152530270392
737	0.00288776008572
738	0.00178511500851
739	0.0292111069895
740	0.0157795922572
741	0.018164288501
742	0.0185500714043
743	0.0168179276843
744	0.0040870135636
745	0.00178649445675
746	0.00169884918664
747	0.00160022532157
748	0.00177399566162
749	0.000250523752094
750	0.00219301383311
751	0.00361449728303
752	0.00217467450619
753	0.00115032122021
754	0.00112036206216
755	0.00305934167902
756	0.00308027101445
757	0.00112079719722
758	5.2421360647e-05
759	0.000236230177899
760	0.00129561515688
761	0.00356412035085
762	0.0132006764667
763	0.0190792906611
764	0.000979432962544
765	0.000494460754809
766	0.00349863031802
767	0.00547794151673
768	0.0179961394144
769	0.00268745598203
770	0.0225046154192
771	0.00281976254927
772	0.00085321312053
773	0.0197751269757
774	0.0185170096049
775	0.000563531308116
776	0.0134190828222
777	0.0360643814299
778	0.00275346409279
779	0.0243748780379
780	0.01969807197
781	0.0415342686444
782	0.00236886641394
783	0.00464605639727
784	0.0252637286464
785	0.0286265538398
786	0.037134365405
787	0.0167900923754
788	0.0168129972022
789	0.0529979885026
790	0.0500223130714
791	0.0601390196583
792	0.00195204862919
793	0.00202938723009
794	0.0644829221377
795	0.0353064988191
796	0.0286951811646
797	0.0736882005834
798	0.0244894734393
799	0.0544819921724
800	0.133425119037
801	0.169115347666
802	0.00533830317173
803	0.0110512447831
804	0.0428750969047
805	0.0566715203029
806	0.185472558511
807	0.144887841219
808	0.17071476959
809	0.132570726574
810	0.219113766451
811	0.212011545771
812	0.182902666921
813	0.186239599187
814	0.299512048254
815	0.0567464831691
816	0.273206261367
817	0.233445015711
818	0.0918304279349
819	0.0529496889942
820	0.0807769906174
821	0.10218175631
822	0.00620560948554
823	0.0777597822528
824	0.0887174069722
825	0.096164736493
826	0.187887435912
827	0.0671505345653
828	0.191605598138
829	0.149444223707
830	0.0755719918191
831	0.143575721635
832	0.111993587647
833	0.148562760586
834	0.20226433593
835	0.0591940563669
836	0.12091026581
837	0.324621058457
838	0.0138131683564
839	0.0243191904125
840	0.133155802852
841	0.0788330378822
842	0.0518922504564
843	0.0705455623091
844	0.0328419020862
845	0.330315340064
846	0.18582894283
847	0.23361750658
848	0.0797584295668
849	0.162018175355
850	0.0725259259739
851	0.00673978271826
852	0.0458641129789
853	0.0323694322404
854	0.182872814355
855	0.192237133364
856	0.170043128489
857	0.0667884155301
858	0.160614064886
859	0.165793829576
860	0.0728015563836
861	0.0543606489003
862	0.00721423486564
863	0.0216054701204
864	0.01911506015
865	0.0196555544653
866	0.0181184029135
867	0.0162004741763
868	0.0201244210765
869	0.0162712449028
870	0.00236351866351
871	0.0163664407279
872	0.0191178165065
873	0.00989977432002
874	0.00185705769198
875	0.0028553920233
876	0.00278414497163
877	0.00628757141475
878	0.00565824399787
879	0.0201595058846
880	0.0236114994656
881	0.00393798184591
882	0.00213302995296
883	0.0113907194873
884	0.00562198486272
885	0.00443260554129
886	0.0027813840279
887	0.0291222201821
888	0.0263400024533
889	0.0270497955497
890	0.0252170839769
891	0.029140108937
892	0.0287972985069
893	0.113470301693
894	0.255691191091
895	0.249863285561
896	0.27235059978
897	0.0469950784945
898	0.111548027145
899	0.103173271315
900	0.115948263429
901	0.105123074629
902	0.0697674415989
903	0.00224189746055
904	0.084785174085
905	0.11224744399
906	0.173420522986
907	0.177191071719
908	0.111857885879
909	0.145884581562
910	0.105883758266
911	0.120295896382
912	0.0894520126233
913	0.289253383459
914	0.156210712856
915	0.0806915466797
916	0.274079222497
917	0.101226531306
918	0.166580978651
919	0.145363667703
920	0.152111094951
921	0.13892702136
922	0.232246003276
923	0.212110929489
924	0.118991031841
925	0.126962162826
926	0.299329593759
927	0.231995251989
928	0.0608808828683
929	0.102763073686
930	0.104349328079
931	0.276671153181
932	0.252329553657
933	0.00734715502008
934	0.00363654833058
935	0.0404860217092
936	0.0492199242529
937	0.0632650686255
938	0.13611549564
939	0.221459311323
940	0.155107372215
941	0.0561244259585
942	0.15767612323
943	0.1374298988
944	0.246801915909
945	0.0808230965912
946	0.0553026714268
947	0.0419552242665
948	0.00742875688644
949	0.00910634341171
950	0.0960173571845
951	0.0913563426251
952	0.0793708096327
953	0.0446907512356
954	0.135279805702
955	0.201054826054
956	0.259009784088
957	0.160699112173
958	0.130001673957
959	0.132290605296
960	0.0900364225739
961	0.0120358942297
962	0.0061788237564
963	0.0927868062524
964	0.0111641049896
965	0.0173098339161
966	0.0481181580334
967	0.0322579874661
968	0.0462230473283
969	0.00910355833635
970	0.0703065856689
971	0.0794157212391
972	0.0908472735506
973	0.0968431731892
974	0.0918455949451
975	0.120964707436
976	0.0813056380359
977	0.0705956781396
978	0.098318451048
979	0.0914405727859
980	0.1041023969
981	0.0844559505781
982	0.0379382928308
983	0.0192696522642
984	0.029415390478
985	0.0132727002662
986	0.143427174457
987	0.138026613709
988	0.0149153257469
989	0.0200652785869
990	0.0226222233068
991	0.0214920682129
992	0.0117228884914
993	0.0187319245893
994	0.0195637808236
995	0.0204488614137
996	0.0102807603556
997	0.000614212930699
998	0.00106255324738
999	0.0015043960945
1000	0.00174465249002
1001	0.013920509755
1002	0.0175381383751
1003	0.109821723938
1004	0.155854512317
1005	0.0116996903515
1006	0.0021175477897
1007	0.00137829099795
1008	0.162524589576
1009	0.0561444271564
1010	0.0663981832945
1011	0.050517108002
1012	0.0169372081391
1013	0.0582707101769
1014	0.0273648500868
1015	0.0251490138404
1016	0.0950375381449
1017	0.0974988107396
1018	0.0986691860771
1019	0.0405543368915
1020	0.00809635607858
1021	0.00152573031544
1022	0.0139525208671
1023	0.060865920584
1024	0.0887835035873
1025	0.0105614491716
1026	0.0680211413787
1027	0.0621047924056
1028	0.0584915853655
1029	0.00730204205048
1030	0.00392394394753
1031	0.00322673136879
1032	0.0595173839104
1033	0.0052495459774
1034	0.00818874484497
1035	0.0399274947355
1036	0.0487150477653
1037	0.0969694088038
1038	0.0320750831666
1039	0.0826329224483
1040	0.079325143487
1041	0.0733559594876
1042	0.0336175632003
1043	0.0554527305648
1044	0.0812254170339
1045	0.0915562623321
1046	0.1376230187
1047	0.138361991692
1048	0.144382987699
1049	0.0812469720446
1050	0.0647905871893
1051	0.0114504420718
1052	0.0957038596936
1053	0.0942511066192
1054	0.0912937680081
1055	0.134684764436
1056	0.133292345049
1057	0.002699762807
1058	0.0184813419249
1059	0.07855966507
1060	0.14002685917
1061	0.145670203146
1062	0.0707660665011
1063	0.0845762416398
1064	0.0075976564794
1065	0.0023917023035
1066	0.0005435325656
1067	0.0153803775514
1068	0.155175531776
1069	0.0932718825383
1070	0.0667575857487
1071	0.0901456544212
1072	0.0233168330529
1073	0.00715085453517
1074	0.00962046486385
1075	0.00262758376045
1076	0.00410886393601
1077	0.0297872993736
1078	0.0455632226858
1079	0.165027901027
1080	0.0264110563422
1081	0.00770997675478
1082	0.00288708594685
1083	0.00338606279304
1084	0.0122656221325
1085	0.0471500091235
1086	0.156193562583
1087	0.151970627725
1088	0.028296076243
1089	0.0125790336242
1090	0.0363016853914
1091	0.150206111872
1092	0.158964861164
1093	0.161029943201
1094	0.116157776175
1095	0.00641923886086
1096	0.0330175879265
1097	0.0101959552081
1098	0.0179111130528
1099	0.0483810569458
1100	0.0253178795695
1101	0.0141942229661
1102	0.115871458319
1103	0.0602377824946
1104	0.0404251438254
1105	0.0346321773999
1106	0.12117141554
1107	0.0782374687795
1108	0.0741045910392
1109	0.0966397970673
1110	0.000345890895387
1111	9.61939864967e-05
1112	4.79771296913e-05
1113	4.63997897591e-05
1114	0.000102667201621
1115	0.000119972871743
1116	8.21854047426e-05
1117	7.03264074968e-05
1118	1.0284767688e-05
1119	8.79933009301e-06
1120	5.80020128029e-05
1121	6.29472555375e-05
1122	2.62860980911e-05
1123	5.19468028824e-05
1124	1.96816411168e-05
1125	4.17017425268e-05
1126	3.20090020955e-05
1127	4.20881305356e-05
1128	3.86883744244e-05
1129	6.19065726109e-05
1130	6.46662788153e-05
1131	6.38070824377e-05
1132	4.26430633464e-05
1133	2.8611550218e-05
1134	2.95634649174e-05
1135	2.13126128508e-05
1136	1.51141592375e-05
1137	4.13442852817e-05
1138	4.27769431695e-05
1139	2.13459279052e-05
1140	2.15108891159e-05
1141	3.24986901008e-05
1142	2.05820897525e-05
1143	6.22033027911e-05
1144	7.12582475379e-05
1145	4.73105142583e-05
1146	2.09514111587e-05
1147	1.88520989009e-05
1148	7.85950539583e-05
1149	1.85043820511e-05
1150	3.52210379564e-05
1151	6.2402225e-05
1152	4.3254094322e-05
1153	6.92831986059e-05
1154	6.7056379836e-05
1155	9.02193207981e-05
1156	8.67980255457e-05
1157	8.63052433398e-05
1158	7.25293786317e-05
1159	1.59088913185e-05
1160	1.81131049922e-05
1161	5.31219290972e-05
1162	0.00014413958665
1163	0.000148080877841
1164	6.96924255689e-05
1165	8.70462020991e-06
1166	2.66218339939e-05
1167	1.75135723218e-05
1168	0.000132457957475
1169	0.000107710065162
1170	5.16167148829e-05
1171	0.0046808675574
1172	0.0579085231694
1173	0.0562059817542
1174	0.0486143078705
1175	0.0449074675046
1176	0.0193839120804
1177	0.0298100070103
1178	0.0217445753876
1179	0.00806948493352
1180	0.0183959302478
1181	0.0289412081677
1182	0.0805384335526
1183	0.0610524643162
1184	0.0172900450794
1185	0.00551957132074
1186	0.054473149592
1187	0.0869427504395
1188	0.0816804239382
1189	0.0804096893624
1190	0.0666435062055
1191	0.0731859816043
1192	0.0714779678804
1193	0.0937333205075
1194	0.107332480455
1195	0.0957690014367
1196	0.12506584649
1197	0.146754704279
1198	0.146872916704
1199	0.120221392538
1200	0.0666115040942
1201	0.0641316823735
1202	0.0471763785017
1203	0.0395486131139
1204	0.0288789589404
1205	0.0533790300321
1206	0.0888993127777
1207	0.0795780816789
1208	0.0496240363422
1209	0.033213191437
1210	0.0265565544382
1211	0.00937596195563
1212	0.0106952669629
1213	0.00845324607979
1214	0.00722687600613
1215	0.00700205487695
1216	0.00399112809845
1217	0.000956601809339
1218	0.00409448664888
1219	0.00196526998314
1220	0.00189461467945
1221	0.00213354543053
1222	0.00656235715147
1223	0.00080280473114
1224	0.000164850393447
1225	0.000161418685176
1226	0.00978344854647
1227	0.00680744886331
1228	0.00698246913637
1229	0.00852894217901
1230	0.0111780536657
1231	0.00211854295799
1232	0.00272847823085
1233	0.00263541433945
1234	0.00382638651041
1235	0.000542991914521
1236	0.00143978221043
1237	0.000327392851469
1238	0.00193592760489
1239	0.000495957400686
1240	0.000552741601098
1241	0.000483396521848
1242	0.00194997712465
1243	0.000232446267461
1244	0.00106977017629
1245	0.000847432650165
1246	0.000517912884537
1247	0.00495656100272
1248	0.000635101377983
1249	0.00350453068105
1250	0.00419995613063
1251	0.0052004654723
1252	0.00667291837837
1253	0.00424493133456
1254	0.000820750603778
1255	0.00757243550525
1256	0.00766149980383
1257	0.000141476256846
1258	0.00704531717058
1259	0.00810294663587
1260	0.0073825874551
1261	0.0087159180985
1262	0.00821241479119
1263	0.00348896859203
1264	0.00445065282864
1265	0.00317471069571
1266	0.00150922507059
1267	0.00924965602938
1268	0.00201363653077
1269	0.00247454967657
1270	0.000890601092776
1271	0.00211621153183
1272	0.000980045508219
1273	0.00853452147109
1274	0.00682635524274
1275	0.00805882630365
1276	0.00141801301171
1277	0.00808307519426
1278	0.00325691406464
1279	0.000843353340181
1280	0.00133009986868
1281	0.11367938292
1282	0.132492885276
1283	0.0887559671394
1284	0.0547689421566
1285	0.0312290694533
1286	0.0858345334257
1287	0.0809087558721
1288	0.0336486240649
1289	0.0630722733914
1290	0.0817053917613
1291	0.0780352662281
1292	0.0858930758092
1293	0.101599837707
1294	0.112320192166
1295	0.116315483271
1296	0.117871230229
1297	0.00364565372787
1298	0.0109520053168
1299	0.0364676268995
1300	0.163380020087
1301	0.129493385568
1302	0.101174002428
1303	0.0310787558578
1304	0.0421134644092
1305	0.116901694773
1306	0.249391109598
1307	0.144506431038
1308	0.132319557703
1309	0.139894075122
1310	0.26616563525
1311	0.128200097375
1312	0.110424209466
1313	0.110084638472
1314	0.113696361737
1315	0.0887425302677
1316	0.0617157443972
1317	0.0597144129065
1318	0.1249385629
1319	0.154370093691
1320	0.07960854592
1321	0.166625193835
1322	0.106677972262
1323	0.158518269902
1324	0.0587943914069
1325	0.085261892102
1326	0.146346024009
1327	0.0179671130025
1328	0.0523847023177
1329	0.018056104845
1330	0.0805398645501
1331	0.157057353881
1332	0.0419089848496
1333	0.0425998736899
1334	0.103645710385
1335	0.106664409107
1336	0.0896908818761
1337	0.0849039233428
1338	0.0176154096845
1339	0.139564447925
1340	0.163249004474
1341	0.10027288821
1342	0.104131559098
1343	0.141075631032
1344	0.0260280626838
1345	0.0465193822142
1346	0.0560671354306
1347	0.0671190188895
1348	0.0160107228068
1349	0.114933100574
1350	0.0246848038125
1351	0.0250611213433
1352	0.0610095694174
1353	0.0719710090471
1354	0.114518544055
1355	0.0804696340202
1356	0.0144935170923
1357	0.0344483896188
1358	0.0449689895046
1359	0.0544198279714
1360	0.0883002909147
1361	0.109508825262
1362	0.117687768566
1363	0.0826337848121
1364	0.0690585769507
1365	0.083817838803
1366	0.0854577164915
1367	0.0136707987361
1368	0.0387272064472
1369	0.00909633082775
1370	0.0458845042554
1371	0.00147873171039
1372	0.0215043352808
1373	0.0758398349155
1374	0.0723307407161
1375	0.102130180676
1376	0.109451556941
1377	0.115037512133
1378	0.0941195661899
1379	0.141266638737
1380	0.0882866777169
1381	0.0890681574005
1382	0.134070516729
1383	0.10644306205
1384	0.137940829839
1385	0.118637649093
1386	0.096347232748
1387	0.122298220789
1388	0.0427341561486
1389	0.0347480090641
1390	0.0561380696075
1391	0.0386482146836
1392	0.0272162036864
1393	0.0234363487984
1394	0.0121972011693
1395	0.04703452066
1396	0.0735512925343
1397	0.096008507739
1398	0.0236633976859
1399	0.0177863998995
1400	0.0478677914021
1401	0.0701052967419
1402	0.0205905591448
1403	0.0854669369389
1404	0.0934857009303
1405	0.103068816977
1406	0.12780142782
1407	0.0151675803962
1408	0.0481372275083
1409	0.124099289825
1410	0.07204635877
1411	0.000550886490251
1412	0.0272477557486
1413	0.173546022165
1414	0.142490693187
1415	0.050823638187
1416	0.0872697158385
1417	0.115458582867
1418	0.0266802348971
1419	0.0136459636348
1420	0.000606069142133
1421	0.0016419313367
1422	0.0017515023167
1423	8.047329164e-05
1424	3.10853073141e-05
1425	3.78346970518e-06
1426	7.15441700763e-06
1427	2.65223451715e-05
1428	3.29690241917e-05
1429	3.41014110755e-05
1430	1.83538498336e-05
1431	1.36579066929e-07
1432	1.09964965652e-08
1433	1.44859414015e-08
1434	0.0
1435	2.27281829494e-05
1436	4.07601868465e-06
1437	0.0
1438	0.0
1439	7.8107488041e-06
1440	1.5188852958e-06
1441	1.12751019989e-06
1442	1.07984278497e-06
1443	1.19720387942e-06
1444	2.82327694792e-06
1445	1.46242406566e-05
1446	0.000109414818977
1447	0.000107050653986
1448	0.000351262918592
1449	0.00278278424093
1450	0.0052885360005
1451	0.0159521041107
1452	0.105775647626
1453	0.126269427876
1454	0.170706557773
1455	0.00181673956186
1456	0.00893066855243
1457	0.00809271088625
1458	0.00893953903438
1459	0.0120338007441
1460	0.109324610655
1461	0.039075902296
1462	0.0118757437038
1463	0.00448538502038
1464	0.0154437111413
1465	0.149197693272
1466	0.141592027127
1467	0.000817760291386
1468	0.00846540678997
1469	0.00876068738644
1470	0.00257333394854
1471	0.00291375851585
1472	0.0128976178022
1473	0.15130495698
1474	0.0398454356659
1475	0.0571532519625
1476	0.0769323339967
1477	0.0205519967081
1478	0.0725256398701
1479	0.0324825999459
1480	0.0215536319896
1481	0.0448728898635
1482	0.0171737709105
1483	0.0771951479531
1484	0.0954401581704
1485	0.0804698351009
1486	0.0907598463814
1487	0.0167011952604
1488	0.0429845085051
1489	0.0213056607667
1490	0.128084895134
1491	0.00769088164531
1492	0.016674173077
1493	0.0927796669609
1494	0.0653137865587
1495	0.06270115492
1496	0.0772986589033
1497	0.206379415501
1498	0.226235554629
1499	0.260858508834
1500	0.299868210399
1501	0.0598294283194
1502	0.000619467237245
1503	0.00010852660303
1504	8.90414819832e-06
1505	1.02046236958e-05
1506	2.48316996052e-05
1507	2.97417406147e-05
1508	2.31500461839e-05
1509	4.88856053637e-05
1510	1.37639763966e-05
1511	5.23512118862e-06
1512	0.000144385196922
1513	8.82939967063e-05
1514	8.33668743237e-05
1515	8.79873362948e-05
1516	0.000106650110101
1517	0.000105642874654
1518	0.000105667386207
1519	8.65988589173e-05
1520	8.71478490991e-05
1521	9.05731443896e-05
1522	7.94462178771e-05
1523	3.91718289344e-05
1524	3.35172735485e-05
1525	4.09188960005e-05
1526	2.93661627054e-05
1527	3.16113583931e-05
1528	3.5157020681e-05
1529	3.45075198543e-05
1530	5.49758951263e-05
1531	5.05412894263e-05
1532	1.27862326688e-05
1533	3.60944683339e-05
1534	3.08240754176e-05
1535	5.04494582025e-05
1536	5.26575787513e-06
1537	1.45563608929e-05
1538	3.85641932696e-06
1539	3.67181245772e-06
1540	6.86841387433e-06
1541	7.91413472473e-06
1542	5.56966563353e-06
1543	4.06543425457e-05
1544	8.11353937831e-05
1545	7.69039356775e-05
1546	6.66043282053e-05
1547	7.40997597761e-05
1548	1.45259023246e-06
1549	7.55859797397e-06
1550	5.78568732998e-06
1551	5.02458342121e-06
1552	4.48485590077e-05
1553	7.83620991223e-05
1554	8.56536664056e-05
1555	8.07390480961e-06
1556	5.52224496167e-06
1557	1.54623129554e-05
1558	8.18130548952e-05
1559	1.01291982493e-05
1560	8.60889769198e-06
1561	1.00586375537e-05
1562	7.0720102277e-05
1563	2.75826532822e-05
1564	5.11034069e-05
1565	4.17528878096e-05
1566	8.50161659453e-06
1567	2.15456177206e-05
1568	1.40611063716e-05
1569	2.79807615571e-05
1570	5.14390633197e-05
1571	5.65555381932e-05
1572	8.68761910251e-05
1573	2.52269234106e-05
1574	9.35684698868e-05
1575	7.40985408267e-05
1576	0.000105337953022
1577	0.000123012523891
1578	1.87657187374e-06
1579	3.89401403392e-05
1580	3.04083612064e-05
1581	8.01361853678e-05
1582	8.31938222193e-05
1583	2.26091620697e-05
1584	2.25036710078e-05
1585	2.6484088306e-06
1586	3.0013439418e-05
1587	2.76826413994e-05
1588	2.1645975951e-05
1589	2.23373954616e-05
1590	2.78467390779e-05
1591	6.13180627308e-06
1592	0.000114393911649
1593	0.000108462282694
1594	2.19919700345e-05
1595	1.26586092082e-05
1596	8.33850171675e-05
1597	0.000105903197232
1598	9.85484816152e-05
1599	0.000114250358356
1600	4.6730790007e-05
1601	4.33449663056e-06
1602	1.30816788918e-06
1603	5.29372445098e-05
1604	1.30411103513e-07
1605	1.40974684602e-06
1606	5.27116448276e-06
1607	1.41662845769e-06
1608	4.72270400406e-05
1609	4.24975957071e-05
1610	3.18008726882e-05
1611	6.1270593588e-07
1612	3.51826017264e-07
1613	1.82061286907e-07
1614	3.92453257253e-08
1615	3.3831585311e-08
1616	6.234416558e-08
1617	3.30194234636e-08
1618	4.45250113134e-08
1619	7.93025237839e-08
1620	4.95498287262e-08
1621	5.13120506362e-08
1622	4.41323348421e-08
1623	3.80356802608e-08
1624	2.74011662945e-08
1625	1.1916816616e-08
1626	2.00999776545e-08
1627	1.90743683348e-09
1628	4.04653699437e-10
1629	3.74381289858e-10
1630	1.49149042145e-08
1631	1.58202645428e-10
1632	2.08483827424e-10
1633	2.18344578529e-10
1634	2.12032155722e-10
1635	1.62921412472e-10
1636	1.8072930652e-10
1637	1.77793224587e-10
1638	2.13483078437e-10
1639	2.15739842657e-10
1640	1.45776737903e-10
1641	1.52522008912e-10
1642	1.16326823174e-10
1643	1.483262258e-10
1644	1.41746424385e-10
1645	0.0
1646	1.10840475253e-11
1647	1.60814463959e-11
1648	2.07061451318e-11
1649	1.98170840848e-10
1650	2.05253189445e-10
1651	1.7352258519e-10
1652	9.54883533355e-11
1653	1.53943094383e-10
1654	2.13303208429e-10
1655	2.06861749952e-10
1656	2.08562112025e-10
1657	3.14012177371e-10
1658	1.5389688135e-10
1659	2.51830251097e-10
1660	1.50043969194e-08
1661	1.11369843903e-10
1662	2.1631979541e-10
1663	4.43820749596e-09
1664	2.02821648088e-08
1665	1.26053765421e-08
1666	2.75555735452e-08
1667	2.58410463722e-08
1668	4.38161080474e-08
1669	6.03652078324e-08
1670	3.32263049296e-08
1671	2.65136679955e-08
1672	3.29761690784e-08
1673	2.20792380611e-08
1674	2.43221600135e-08
1675	4.21839723291e-08
1676	2.4451530703e-08
1677	2.67171882257e-08
1678	6.09008818514e-08
1679	2.91114150563e-08
1680	2.34126784505e-08
1681	8.79451579638e-09
1682	2.56858804546e-08
1683	3.33773684441e-08
1684	3.69585579031e-08
1685	3.08563338812e-08
1686	2.67163580842e-08
1687	4.40799577395e-08
1688	1.65724875212e-08
1689	2.39648150907e-08
1690	4.92905239124e-08
1691	5.34777353471e-09
1692	1.25399586565e-08
1693	1.83476700083e-08
1694	3.06718851567e-08
1695	4.16696917249e-08
1696	1.79199160649e-08
1697	2.00053836413e-08
1698	4.32954583122e-09
1699	6.18324430546e-08
1700	3.52522186303e-08
1701	3.13178352418e-08
1702	4.92373359584e-08
1703	1.75299112522e-08
1704	6.61017634282e-08
1705	2.42720006177e-08
1706	2.27010314158e-08
1707	4.26082815003e-08
1708	1.73654601157e-07
1709	3.90699728195e-07
1710	2.24831015061e-06
1711	4.06990353574e-06
1712	6.48498315198e-06
1713	5.89829331147e-06
1714	4.66863993363e-05
1715	4.34110590263e-05
1716	5.41401135821e-05
1717	1.36884704553e-05
1718	5.85645872879e-05
1719	6.05392361112e-06
1720	8.81744300821e-06
1721	3.60115002713e-05
1722	1.69730015876e-05
1723	1.12434098767e-05
1724	4.98296577034e-05
1725	7.50314092693e-05
1726	0.00010825409683
1727	0.000132346753895
1728	0.000129138135521
1729	0.000114280710657
1730	6.03722943648e-05
1731	5.49322816242e-05
1732	4.05003666188e-05
1733	4.37394608736e-06
1734	3.29692903294e-06
1735	8.10777406078e-06
1736	8.16006555946e-05
1737	0.000119453124571
1738	0.000102946330857
1739	7.45659232687e-06
1740	4.3687812821e-06
1741	8.94611859383e-05
1742	2.2042653841e-05
1743	6.47414118255e-05
1744	5.44604657138e-05
1745	2.31891458135e-05
1746	3.71449352848e-05
1747	2.86438582747e-05
1748	3.46037182144e-05
1749	7.53716952316e-05
1750	3.88355114264e-05
1751	1.23815659489e-05
1752	1.32920708072e-05
1753	1.40926379539e-05
1754	4.5756907945e-05
1755	1.22838952793e-05
1756	5.27912181572e-05
1757	3.91218056966e-05
1758	2.8232063212e-05
1759	2.64615149433e-05
1760	2.33483774494e-05
1761	1.33460222964e-05
1762	1.51284939598e-05
1763	3.60372401155e-05
1764	2.30232393088e-05
1765	1.9471469177e-05
1766	1.75099954146e-05
1767	3.59419373451e-05
1768	5.29066827591e-05
1769	2.36422444245e-05
1770	2.1502893092e-05
1771	1.61657748776e-05
1772	6.79131863069e-05
1773	2.4468652854e-05
1774	9.34960402815e-06
1775	9.12489699572e-06
1776	3.3405930399e-05
1777	7.80464171607e-06
1778	4.57755553261e-05
1779	4.87829106288e-05
1780	3.50029617908e-05
1781	5.59542140621e-06
1782	8.86240990523e-06
1783	6.13976397051e-06
1784	5.94780288223e-06
1785	1.92335300749e-05
1786	2.00080525726e-05
1787	2.80804447716e-05
1788	2.72924128852e-05
1789	6.66151840101e-06
1790	6.79717213775e-06
1791	8.10458563362e-06
1792	1.74149536603e-05
1793	6.17118846966e-05
1794	2.84521683419e-05
1795	4.53067144452e-05
1796	5.44180054881e-05
1797	2.66551958725e-05
1798	1.57296872785e-05
1799	4.57072427991e-05
1800	6.97320290715e-05
1801	3.93850861059e-05
1802	2.27274567572e-05
1803	2.1346828236e-05
1804	3.24153084849e-05
1805	3.64789254484e-05
1806	3.19509383789e-05
1807	2.17053536185e-05
1808	2.53311111087e-05
1809	3.45331661148e-05
1810	2.38265608894e-05
1811	1.10382116269e-05
1812	8.54664038523e-06
1813	9.67340189552e-05
1814	2.18879935147e-05
1815	1.51247078155e-05
1816	2.27593967867e-05
1817	5.15069893789e-05
1818	7.71687687245e-05
1819	3.34815709873e-05
1820	2.15834626649e-05
1821	1.18896768401e-05
1822	1.42051023798e-05
1823	1.56437035438e-05
1824	2.51911551024e-05
1825	2.01662610034e-05
1826	1.13804584771e-05
1827	8.90262885231e-06
1828	9.58312027741e-06
1829	1.13910121333e-05
1830	1.28490296905e-05
1831	3.73025993537e-05
1832	1.73015534307e-05
1833	2.62223732553e-05
1834	1.49347284256e-05
1835	1.16958908974e-05
1836	1.12818155034e-05
1837	2.60312104048e-05
1838	4.93511456993e-06
1839	5.19328403459e-06
1840	2.0169976382e-05
1841	1.61641109817e-05
1842	1.37350925648e-05
1843	2.46344962281e-05
1844	2.35279584393e-05
1845	1.9599885791e-05
1846	1.99953306835e-05
1847	8.02429059087e-06
1848	7.54073099003e-06
1849	1.72292675185e-05
1850	1.76272314222e-05
1851	2.35375236445e-05
1852	1.92016432699e-05
1853	8.58434059746e-06
1854	8.91149609704e-06
1855	5.13186147982e-06
1856	4.11310483943e-05
1857	2.8595604054e-05
1858	1.10345944463e-05
1859	1.6669119567e-05
1860	1.124844941e-05
1861	1.37534053843e-05
1862	3.1420809855e-05
1863	1.25997129384e-05
1864	2.43804532672e-05
1865	9.34638499886e-06
1866	8.05629215583e-06
1867	4.16375218427e-05
1868	3.1730464054e-05
1869	3.56626477484e-05
1870	4.00716217455e-05
1871	5.38485787377e-05
1872	4.66276027604e-05
1873	5.79880784317e-05
1874	1.92568219914e-05
1875	1.18695413035e-05
1876	8.69303479428e-06
1877	1.80529560798e-05
1878	7.74617910576e-06
1879	1.56559278819e-05
1880	5.8414546779e-05
1881	6.38181790304e-05
1882	5.3690884717e-05
1883	3.40029385844e-05
1884	4.93614005006e-05
1885	6.60003633689e-05
1886	3.51926896136e-05
1887	3.03006844438e-05
1888	5.54578849817e-05
1889	5.56463823936e-05
1890	1.10193765165e-05
1891	6.01466658426e-05
1892	2.37502203944e-05
1893	6.25160766532e-05
1894	1.56641517338e-05
1895	2.64542306518e-05
1896	1.87787454405e-05
1897	2.77699770062e-05
1898	8.24099060781e-05
1899	6.98173649785e-05
1900	4.71429431271e-05
1901	6.89585667641e-05
1902	0.000121294460309
1903	4.85359921412e-05
1904	4.36904315543e-05
1905	3.46902722874e-05
1906	4.00755161983e-05
1907	3.43148172438e-05
1908	0.000116061059497
1909	0.000131199600551
1910	0.000525091436658
1911	0.000802887379179
1912	0.0604709211724
1913	0.0109189983136
1914	0.0108884134791
1915	0.00544275569818
1916	0.0297209813944
1917	0.226625299116
1918	0.2244439785
1919	0.0204041619184
1920	0.11785782076
1921	0.100124102344
1922	0.137434905552
1923	0.153761978622
1924	0.071101554103
1925	0.0575895897808
1926	0.205514764201
1927	0.181197553187
1928	0.0497402442335
1929	0.0532135439057
1930	0.0235440206893
1931	0.0773193968172
1932	0.0799840883862
1933	0.0751911667058
1934	0.015259831831
1935	0.0336141438691
1936	0.123014003953
1937	0.192867235689
1938	0.0740066614321
1939	0.0646171905474
1940	0.000505629328082
1941	0.000255320087097
1942	0.000791518172946
1943	0.00200386826324
1944	0.00759203201848
1945	0.00751407577778
1946	0.0074078317496
1947	0.0017278210108
1948	0.00294461061355
1949	0.000810573207076
1950	0.000274087820667
1951	0.000151425231159
1952	0.000136879218436
1953	0.000111630441879
1954	8.6723316981e-05
1955	8.1591552327e-05
1956	0.000111440287391
1957	0.000133058246436
1958	0.000159414382824
1959	1.61491996879e-05
1960	4.53175448443e-05
1961	7.10254543689e-05
1962	0.000175337581554
1963	0.000782420839452
1964	0.00146443665136
1965	0.00173104377716
1966	0.00732017877075
1967	0.00774213894177
1968	0.00805067356657
1969	0.00189050336706
1970	0.010577986109
1971	0.00673149070702
1972	0.00224286720974
1973	0.0142767301463
1974	0.0445338971066
1975	0.0799757569348
1976	0.0448195115004
1977	0.122170107095
1978	0.17921661832
1979	0.117518353341
1980	0.0426658887537
1981	0.0903378622444
1982	0.058602087735
1983	0.189276711377
1984	0.171818177082
1985	0.192716260106
1986	0.064364942899
1987	0.121789033217
1988	0.108852155751
1989	0.0481466295434
1990	0.226499789531
1991	0.0884265761128
1992	0.088158301518
1993	0.118927931865
1994	0.10276070217
1995	0.212838548566
1996	0.0687803527937
1997	0.0289112900511
1998	0.104003476637
1999	0.142441145007
2000	0.0244633328272
2001	0.0764442962386
2002	0.130454808043
2003	0.111455641782
2004	0.04938418226
2005	0.0570739699603
2006	0.0345100036691
2007	0.0571311261364
2008	0.0376921573069
2009	0.0908698538369
2010	0.0210968716778
2011	0.118017384127
2012	0.117264986385
2013	0.128622220049
2014	0.0821108260367
2015	0.0877340097215
2016	0.0869010250542
2017	0.107896138222
2018	0.176940376205
2019	0.204849669392
2020	0.139789740744
2021	0.108320410446
2022	0.00965773668711
2023	0.00017833557632
2024	0.00560075497951
2025	0.169030959273
2026	0.107971221982
2027	0.0444109327026
2028	0.217449830426
2029	0.153207197153
2030	0.195363312128
2031	0.145284542416
2032	0.154041073473
2033	0.155271628254
2034	0.171541884038
2035	0.158730110791
2036	0.158920305822
2037	0.141595395077
2038	0.136176906806
2039	0.109618623743
2040	0.0973851727246
2041	0.0427367213825
2042	0.167961238779
2043	0.243421662853
2044	0.296896404592
2045	0.110725779348
2046	0.162627791284
2047	0.141695900649
2048	0.0654172552052
2049	0.15113799727
2050	0.11725902277
2051	0.228359986438
2052	0.115909590074
2053	0.0335059382644
2054	0.00707210477768
2055	0.333660451661
2056	0.264850777032
2057	0.248715190544
2058	0.268273990935
2059	0.225307833304
2060	0.205069278535
2061	0.0395311155564
2062	0.180764255841
2063	0.0780207476766
2064	0.0498106352675
2065	0.0828019744873
2066	0.0213432145108
2067	0.196224510479
2068	0.110763397499
2069	0.00938108716131
2070	0.0398732126614
2071	0.160225750766
2072	0.33941495985
2073	0.301895360157
2074	0.175694357342
2075	0.011469472097
2076	0.00532629396925
2077	0.0389072695553
2078	0.0903436326015
2079	0.0873135728781
2080	0.112307202512
2081	0.0290955795753
2082	0.0827619807848
2083	0.0889799728916
2084	0.0368897139352
2085	0.043735192011
2086	0.039383257942
2087	0.0372318788758
2088	0.283907720836
2089	0.0134873272938
2090	0.122836084934
2091	0.196744326413
2092	0.162749702627
2093	0.258550371851
2094	0.00332733161664
2095	0.0125460373424
2096	0.00978126916324
2097	0.0435438379919
2098	0.0383384988339
2099	0.00835808631151
2100	0.0272738401312
2101	0.114625495767
2102	0.0897761810057
2103	0.0185468651989
2104	0.0147027782596
2105	0.11628296075
2106	0.145504152544
2107	0.0850219861905
2108	0.0221731754295
2109	0.0258926081897
2110	0.124571522528
2111	0.0222665121087
2112	0.0210245283321
2113	0.0204235069334
2114	0.128559460172
2115	0.0755683663
2116	0.0522044684464
2117	0.14039062442
2118	0.0254041003375
2119	0.00732178375735
2120	0.0616721225731
2121	0.119084469119
2122	0.127486114124
2123	0.156211172935
2124	0.17874851211
2125	0.0511066273748
2126	0.0233575085441
2127	0.0169378744553
2128	0.191149222946
2129	0.190990199209
2130	0.185512481624
2131	0.198850718842
2132	0.124284835941
2133	0.00411297349173
2134	0.00249000196569
2135	0.00301973909845
2136	0.137213057908
2137	0.19077338511
2138	0.0553944707996
2139	0.103802978373
2140	0.182996652082
2141	0.130334792815
2142	0.114154796029
2143	0.106103209417
2144	0.0369399953177
2145	0.00567870047218
2146	0.00813163952101
2147	0.159971202083
2148	0.00336071378294
2149	0.0707991175831
2150	0.0356813728381
2151	0.0446967776279
2152	0.0937182268762
2153	0.139418425748
2154	0.149997824883
2155	0.010998537107
2156	0.0143625128598
2157	0.00808486080702
2158	0.00883530751651
2159	0.0107638769298
2160	0.0104969997148
2161	0.00248576898756
2162	0.000338851450046
2163	0.00778947713793
2164	0.00755874257966
2165	0.00195920064191
2166	0.00183601507094
2167	0.000155158539803
2168	0.000823441343315
2169	0.00534223747023
2170	0.00568257459022
2171	0.0020918325599
2172	0.00989428712635
2173	0.00192786096486
2174	8.50495937562e-05
2175	0.00803011955454
2176	0.000885074639031
2177	0.000448274406987
2178	0.000398227834347
2179	0.00329649630365
2180	0.00322180165886
2181	0.00651658548661
2182	0.000153427239843
2183	0.00625015078971
2184	0.0043405606505
2185	0.00572171117568
2186	0.00330231591837
2187	0.00282308061079
2188	0.00123557218845
2189	0.000670125578435
2190	0.00341209405665
2191	0.0146326675507
2192	0.0145358362352
2193	0.00457520383498
2194	0.00457726279761
2195	0.000887439982139
2196	0.0017280878129
2197	0.0103878825571
2198	0.0101612277646
2199	0.0132091436827
2200	0.0122788649194
2201	0.00851289277245
2202	8.07425599629e-05
2203	0.00117696549417
2204	0.0020907588261
2205	0.0020301097699
2206	0.0043701741728
2207	0.00336459599655
2208	0.00508368971722
2209	0.00507686128099
2210	0.01251012307
2211	0.0123819454999
2212	0.00477651701656
2213	0.00316217030869
2214	0.0086526021932
2215	0.00730703969083
2216	0.00593982183326
2217	0.0055268621218
2218	0.00426476295169
2219	0.00366124533109
2220	0.00207822364223
2221	0.00051746718807
2222	0.000331467190126
